Product code,Bureau of Meteorology station number,Year,Month,Day,Rainfall amount (millimetres),Period over which rainfall was measured (days),Quality
IDCJAC0009,097047,2018,01,01,3.6,1,Y
IDCJAC0009,097047,2018,01,02,0.6,1,Y
IDCJAC0009,097047,2018,01,03,4.4,1,Y
IDCJAC0009,097047,2018,01,04,0.8,1,Y
IDCJAC0009,097047,2018,01,05,2.4,1,Y
IDCJAC0009,097047,2018,01,06,0.0,,Y
IDCJAC0009,097047,2018,01,07,0.0,,Y
IDCJAC0009,097047,2018,01,08,0.0,,Y
IDCJAC0009,097047,2018,01,09,11.4,1,Y
IDCJAC0009,097047,2018,01,10,2.0,1,Y
IDCJAC0009,097047,2018,01,11,0.0,,Y
IDCJAC0009,097047,2018,01,12,0.0,,Y
IDCJAC0009,097047,2018,01,13,17.8,1,Y
IDCJAC0009,097047,2018,01,14,4.2,1,Y
IDCJAC0009,097047,2018,01,15,5.6,1,Y
IDCJAC0009,097047,2018,01,16,0.0,,Y
IDCJAC0009,097047,2018,01,17,0.0,,Y
IDCJAC0009,097047,2018,01,18,0.0,,Y
IDCJAC0009,097047,2018,01,19,0.0,,Y
IDCJAC0009,097047,2018,01,20,0.0,,Y
IDCJAC0009,097047,2018,01,21,0.0,,Y
IDCJAC0009,097047,2018,01,22,0.2,1,Y
IDCJAC0009,097047,2018,01,23,0.0,,Y
IDCJAC0009,097047,2018,01,24,0.0,,Y
IDCJAC0009,097047,2018,01,25,0.0,,Y
IDCJAC0009,097047,2018,01,26,0.0,,Y
IDCJAC0009,097047,2018,01,27,0.0,,Y
IDCJAC0009,097047,2018,01,28,0.0,,Y
IDCJAC0009,097047,2018,01,29,0.4,1,Y
IDCJAC0009,097047,2018,01,30,1.4,1,Y
IDCJAC0009,097047,2018,01,31,5.2,1,Y
IDCJAC0009,097047,2018,02,01,0.0,,N
IDCJAC0009,097047,2018,02,02,0.0,,N
IDCJAC0009,097047,2018,02,03,0.0,,N
IDCJAC0009,097047,2018,02,04,0.0,,N
IDCJAC0009,097047,2018,02,05,0.0,,N
IDCJAC0009,097047,2018,02,06,0.0,,N
IDCJAC0009,097047,2018,02,07,0.0,,N
IDCJAC0009,097047,2018,02,08,0.8,1,N
IDCJAC0009,097047,2018,02,09,0.0,,N
IDCJAC0009,097047,2018,02,10,0.0,,N
IDCJAC0009,097047,2018,02,11,13.8,1,N
IDCJAC0009,097047,2018,02,12,0.2,1,N
IDCJAC0009,097047,2018,02,13,0.0,,N
IDCJAC0009,097047,2018,02,14,1.2,1,N
IDCJAC0009,097047,2018,02,15,26.2,1,N
IDCJAC0009,097047,2018,02,16,16.2,1,N
IDCJAC0009,097047,2018,02,17,3.4,1,N
IDCJAC0009,097047,2018,02,18,7.0,1,N
IDCJAC0009,097047,2018,02,19,0.4,1,N
IDCJAC0009,097047,2018,02,20,0.0,,N
IDCJAC0009,097047,2018,02,21,0.0,,N
IDCJAC0009,097047,2018,02,22,0.0,,N
IDCJAC0009,097047,2018,02,23,3.4,1,N
IDCJAC0009,097047,2018,02,24,25.4,1,N
IDCJAC0009,097047,2018,02,25,11.2,1,N
IDCJAC0009,097047,2018,02,26,0.0,,N
IDCJAC0009,097047,2018,02,27,0.0,,N
IDCJAC0009,097047,2018,02,28,1.6,1,N
IDCJAC0009,097047,2018,03,01,16.8,1,Y
IDCJAC0009,097047,2018,03,02,0.0,,Y
IDCJAC0009,097047,2018,03,03,0.0,,Y
IDCJAC0009,097047,2018,03,04,1.2,1,Y
IDCJAC0009,097047,2018,03,05,1.0,1,Y
IDCJAC0009,097047,2018,03,06,0.0,,Y
IDCJAC0009,097047,2018,03,07,0.0,,Y
IDCJAC0009,097047,2018,03,08,0.0,,Y
IDCJAC0009,097047,2018,03,09,0.0,,Y
IDCJAC0009,097047,2018,03,10,0.0,,Y
IDCJAC0009,097047,2018,03,11,0.0,,Y
IDCJAC0009,097047,2018,03,12,0.0,,Y
IDCJAC0009,097047,2018,03,13,12.6,1,Y
IDCJAC0009,097047,2018,03,14,5.0,1,Y
IDCJAC0009,097047,2018,03,15,3.6,1,Y
IDCJAC0009,097047,2018,03,16,1.2,1,Y
IDCJAC0009,097047,2018,03,17,0.8,1,Y
IDCJAC0009,097047,2018,03,18,18.0,1,Y
IDCJAC0009,097047,2018,03,19,20.6,1,Y
IDCJAC0009,097047,2018,03,20,13.6,1,Y
IDCJAC0009,097047,2018,03,21,0.8,1,Y
IDCJAC0009,097047,2018,03,22,0.0,,Y
IDCJAC0009,097047,2018,03,23,0.0,,Y
IDCJAC0009,097047,2018,03,24,13.8,1,Y
IDCJAC0009,097047,2018,03,25,12.2,1,Y
IDCJAC0009,097047,2018,03,26,51.6,1,Y
IDCJAC0009,097047,2018,03,27,13.2,1,Y
IDCJAC0009,097047,2018,03,28,4.6,1,Y
IDCJAC0009,097047,2018,03,29,0.8,1,Y
IDCJAC0009,097047,2018,03,30,13.4,1,Y
IDCJAC0009,097047,2018,03,31,0.8,1,Y
IDCJAC0009,097047,2018,04,01,2.6,1,N
IDCJAC0009,097047,2018,04,02,6.4,1,N
IDCJAC0009,097047,2018,04,03,3.2,1,N
IDCJAC0009,097047,2018,04,04,3.8,1,N
IDCJAC0009,097047,2018,04,05,1.2,1,N
IDCJAC0009,097047,2018,04,06,3.8,1,N
IDCJAC0009,097047,2018,04,07,0.2,1,N
IDCJAC0009,097047,2018,04,08,1.0,1,N
IDCJAC0009,097047,2018,04,09,1.8,1,N
IDCJAC0009,097047,2018,04,10,0.0,,N
IDCJAC0009,097047,2018,04,11,1.0,1,N
IDCJAC0009,097047,2018,04,12,1.0,1,N
IDCJAC0009,097047,2018,04,13,10.6,1,N
IDCJAC0009,097047,2018,04,14,19.0,1,N
IDCJAC0009,097047,2018,04,15,29.6,1,N
IDCJAC0009,097047,2018,04,16,19.0,1,N
IDCJAC0009,097047,2018,04,17,3.2,1,N
IDCJAC0009,097047,2018,04,18,1.0,1,N
IDCJAC0009,097047,2018,04,19,0.0,,N
IDCJAC0009,097047,2018,04,20,0.0,,N
IDCJAC0009,097047,2018,04,21,0.0,,N
IDCJAC0009,097047,2018,04,22,0.0,,N
IDCJAC0009,097047,2018,04,23,0.0,,N
IDCJAC0009,097047,2018,04,24,0.0,,N
IDCJAC0009,097047,2018,04,25,3.0,1,N
IDCJAC0009,097047,2018,04,26,8.2,1,N
IDCJAC0009,097047,2018,04,27,1.4,1,N
IDCJAC0009,097047,2018,04,28,1.8,1,N
IDCJAC0009,097047,2018,04,29,2.8,1,N
IDCJAC0009,097047,2018,04,30,0.0,,N
IDCJAC0009,097047,2018,05,01,0.0,,N
IDCJAC0009,097047,2018,05,02,0.0,,N
IDCJAC0009,097047,2018,05,03,0.2,1,N
IDCJAC0009,097047,2018,05,04,18.2,1,N
IDCJAC0009,097047,2018,05,05,17.4,1,N
IDCJAC0009,097047,2018,05,06,10.0,1,N
IDCJAC0009,097047,2018,05,07,4.0,1,N
IDCJAC0009,097047,2018,05,08,7.2,1,N
IDCJAC0009,097047,2018,05,09,1.8,1,N
IDCJAC0009,097047,2018,05,10,12.6,1,N
IDCJAC0009,097047,2018,05,11,2.4,1,N
IDCJAC0009,097047,2018,05,12,0.2,1,N
IDCJAC0009,097047,2018,05,13,2.2,1,N
IDCJAC0009,097047,2018,05,14,0.4,1,N
IDCJAC0009,097047,2018,05,15,4.0,1,N
IDCJAC0009,097047,2018,05,16,6.2,1,N
IDCJAC0009,097047,2018,05,17,14.2,1,N
IDCJAC0009,097047,2018,05,18,21.0,1,N
IDCJAC0009,097047,2018,05,19,8.4,1,N
IDCJAC0009,097047,2018,05,20,12.0,1,N
IDCJAC0009,097047,2018,05,21,12.4,1,N
IDCJAC0009,097047,2018,05,22,7.2,1,N
IDCJAC0009,097047,2018,05,23,4.8,1,N
IDCJAC0009,097047,2018,05,24,0.4,1,N
IDCJAC0009,097047,2018,05,25,0.4,1,N
IDCJAC0009,097047,2018,05,26,0.0,,N
IDCJAC0009,097047,2018,05,27,0.4,1,N
IDCJAC0009,097047,2018,05,28,0.0,,N
IDCJAC0009,097047,2018,05,29,14.0,1,N
IDCJAC0009,097047,2018,05,30,0.0,,N
IDCJAC0009,097047,2018,05,31,15.0,1,N
IDCJAC0009,097047,2018,06,01,0.4,1,N
IDCJAC0009,097047,2018,06,02,0.2,1,N
IDCJAC0009,097047,2018,06,03,0.0,,N
IDCJAC0009,097047,2018,06,04,1.4,1,N
IDCJAC0009,097047,2018,06,05,2.0,1,N
IDCJAC0009,097047,2018,06,06,0.0,,N
IDCJAC0009,097047,2018,06,07,0.0,,N
IDCJAC0009,097047,2018,06,08,17.8,1,N
IDCJAC0009,097047,2018,06,09,11.2,1,N
IDCJAC0009,097047,2018,06,10,0.4,1,N
IDCJAC0009,097047,2018,06,11,0.0,,N
IDCJAC0009,097047,2018,06,12,3.0,1,N
IDCJAC0009,097047,2018,06,13,17.6,1,N
IDCJAC0009,097047,2018,06,14,19.0,1,N
IDCJAC0009,097047,2018,06,15,24.4,1,N
IDCJAC0009,097047,2018,06,16,27.2,1,N
IDCJAC0009,097047,2018,06,17,28.0,1,N
IDCJAC0009,097047,2018,06,18,0.4,1,N
IDCJAC0009,097047,2018,06,19,0.4,1,N
IDCJAC0009,097047,2018,06,20,0.0,,N
IDCJAC0009,097047,2018,06,21,5.0,1,N
IDCJAC0009,097047,2018,06,22,2.0,1,N
IDCJAC0009,097047,2018,06,23,16.2,1,N
IDCJAC0009,097047,2018,06,24,6.8,1,N
IDCJAC0009,097047,2018,06,25,9.6,1,N
IDCJAC0009,097047,2018,06,26,7.0,1,N
IDCJAC0009,097047,2018,06,27,0.4,1,N
IDCJAC0009,097047,2018,06,28,0.2,1,N
IDCJAC0009,097047,2018,06,29,1.6,1,N
IDCJAC0009,097047,2018,06,30,1.8,1,N
IDCJAC0009,097047,2018,07,01,15.2,1,N
IDCJAC0009,097047,2018,07,02,10.0,1,N
IDCJAC0009,097047,2018,07,03,0.2,1,N
IDCJAC0009,097047,2018,07,04,0.2,1,N
IDCJAC0009,097047,2018,07,05,17.8,1,N
IDCJAC0009,097047,2018,07,06,16.0,1,N
IDCJAC0009,097047,2018,07,07,23.0,1,N
IDCJAC0009,097047,2018,07,08,18.0,1,N
IDCJAC0009,097047,2018,07,09,11.0,1,N
IDCJAC0009,097047,2018,07,10,2.2,1,N
IDCJAC0009,097047,2018,07,11,2.0,1,N
IDCJAC0009,097047,2018,07,12,0.2,1,N
IDCJAC0009,097047,2018,07,13,0.2,1,N
IDCJAC0009,097047,2018,07,14,2.6,1,N
IDCJAC0009,097047,2018,07,15,7.0,1,N
IDCJAC0009,097047,2018,07,16,4.4,1,N
IDCJAC0009,097047,2018,07,17,16.8,1,N
IDCJAC0009,097047,2018,07,18,14.8,1,N
IDCJAC0009,097047,2018,07,19,53.6,1,N
IDCJAC0009,097047,2018,07,20,11.0,1,N
IDCJAC0009,097047,2018,07,21,17.6,1,N
IDCJAC0009,097047,2018,07,22,0.8,1,N
IDCJAC0009,097047,2018,07,23,3.4,1,N
IDCJAC0009,097047,2018,07,24,23.2,1,N
IDCJAC0009,097047,2018,07,25,24.0,1,N
IDCJAC0009,097047,2018,07,26,7.4,1,N
IDCJAC0009,097047,2018,07,27,4.0,1,N
IDCJAC0009,097047,2018,07,28,10.4,1,N
IDCJAC0009,097047,2018,07,29,13.6,1,N
IDCJAC0009,097047,2018,07,30,25.6,1,N
IDCJAC0009,097047,2018,07,31,13.8,1,N
IDCJAC0009,097047,2018,08,01,14.6,1,N
IDCJAC0009,097047,2018,08,02,1.2,1,N
IDCJAC0009,097047,2018,08,03,0.2,1,N
IDCJAC0009,097047,2018,08,04,8.4,1,N
IDCJAC0009,097047,2018,08,05,9.0,1,N
IDCJAC0009,097047,2018,08,06,13.4,1,N
IDCJAC0009,097047,2018,08,07,19.4,1,N
IDCJAC0009,097047,2018,08,08,22.0,1,N
IDCJAC0009,097047,2018,08,09,11.4,1,N
IDCJAC0009,097047,2018,08,10,0.8,1,N
IDCJAC0009,097047,2018,08,11,22.6,1,N
IDCJAC0009,097047,2018,08,12,9.8,1,N
IDCJAC0009,097047,2018,08,13,17.2,1,N
IDCJAC0009,097047,2018,08,14,2.0,1,N
IDCJAC0009,097047,2018,08,15,9.4,1,N
IDCJAC0009,097047,2018,08,16,17.2,1,N
IDCJAC0009,097047,2018,08,17,5.4,1,N
IDCJAC0009,097047,2018,08,18,32.0,1,N
IDCJAC0009,097047,2018,08,19,23.6,1,N
IDCJAC0009,097047,2018,08,20,4.2,1,N
IDCJAC0009,097047,2018,08,21,12.6,1,N
IDCJAC0009,097047,2018,08,22,6.2,1,N
IDCJAC0009,097047,2018,08,23,0.4,1,N
IDCJAC0009,097047,2018,08,24,1.2,1,N
IDCJAC0009,097047,2018,08,25,0.2,1,N
IDCJAC0009,097047,2018,08,26,0.0,,N
IDCJAC0009,097047,2018,08,27,12.0,1,N
IDCJAC0009,097047,2018,08,28,2.8,1,N
IDCJAC0009,097047,2018,08,29,0.2,1,N
IDCJAC0009,097047,2018,08,30,0.2,1,N
IDCJAC0009,097047,2018,08,31,5.2,1,N
IDCJAC0009,097047,2018,09,01,10.8,1,N
IDCJAC0009,097047,2018,09,02,4.6,1,N
IDCJAC0009,097047,2018,09,03,0.4,1,N
IDCJAC0009,097047,2018,09,04,0.2,1,N
IDCJAC0009,097047,2018,09,05,0.0,,N
IDCJAC0009,097047,2018,09,06,3.0,1,N
IDCJAC0009,097047,2018,09,07,16.2,1,N
IDCJAC0009,097047,2018,09,08,1.0,1,N
IDCJAC0009,097047,2018,09,09,15.2,1,N
IDCJAC0009,097047,2018,09,10,2.4,1,N
IDCJAC0009,097047,2018,09,11,1.8,1,N
IDCJAC0009,097047,2018,09,12,14.2,1,N
IDCJAC0009,097047,2018,09,13,14.2,1,N
IDCJAC0009,097047,2018,09,14,5.2,1,N
IDCJAC0009,097047,2018,09,15,6.4,1,N
IDCJAC0009,097047,2018,09,16,13.8,1,N
IDCJAC0009,097047,2018,09,17,10.4,1,N
IDCJAC0009,097047,2018,09,18,2.4,1,N
IDCJAC0009,097047,2018,09,19,14.0,1,N
IDCJAC0009,097047,2018,09,20,4.4,1,N
IDCJAC0009,097047,2018,09,21,4.0,1,N
IDCJAC0009,097047,2018,09,22,1.6,1,N
IDCJAC0009,097047,2018,09,23,6.2,1,N
IDCJAC0009,097047,2018,09,24,1.2,1,N
IDCJAC0009,097047,2018,09,25,0.2,1,N
IDCJAC0009,097047,2018,09,26,0.2,1,N
IDCJAC0009,097047,2018,09,27,0.0,,N
IDCJAC0009,097047,2018,09,28,5.4,1,N
IDCJAC0009,097047,2018,09,29,5.8,1,N
IDCJAC0009,097047,2018,09,30,5.4,1,N
IDCJAC0009,097047,2018,10,01,0.0,,N
IDCJAC0009,097047,2018,10,02,0.0,,N
IDCJAC0009,097047,2018,10,03,4.2,1,N
IDCJAC0009,097047,2018,10,04,0.6,1,N
IDCJAC0009,097047,2018,10,05,0.0,,N
IDCJAC0009,097047,2018,10,06,0.0,,N
IDCJAC0009,097047,2018,10,07,0.0,,N
IDCJAC0009,097047,2018,10,08,0.0,,N
IDCJAC0009,097047,2018,10,09,8.0,1,N
IDCJAC0009,097047,2018,10,10,1.8,1,N
IDCJAC0009,097047,2018,10,11,0.2,1,N
IDCJAC0009,097047,2018,10,12,0.0,,N
IDCJAC0009,097047,2018,10,13,0.0,,N
IDCJAC0009,097047,2018,10,14,0.0,,N
IDCJAC0009,097047,2018,10,15,0.0,,N
IDCJAC0009,097047,2018,10,16,0.8,1,N
IDCJAC0009,097047,2018,10,17,0.2,1,N
IDCJAC0009,097047,2018,10,18,13.0,1,N
IDCJAC0009,097047,2018,10,19,12.4,1,N
IDCJAC0009,097047,2018,10,20,8.0,1,N
IDCJAC0009,097047,2018,10,21,0.0,,N
IDCJAC0009,097047,2018,10,22,1.2,1,N
IDCJAC0009,097047,2018,10,23,0.4,1,N
IDCJAC0009,097047,2018,10,24,3.8,1,N
IDCJAC0009,097047,2018,10,25,0.4,1,N
IDCJAC0009,097047,2018,10,26,2.8,1,N
IDCJAC0009,097047,2018,10,27,6.0,1,N
IDCJAC0009,097047,2018,10,28,7.2,1,N
IDCJAC0009,097047,2018,10,29,0.2,1,N
IDCJAC0009,097047,2018,10,30,0.0,,N
IDCJAC0009,097047,2018,10,31,5.0,1,N
IDCJAC0009,097047,2018,11,01,0.0,,N
IDCJAC0009,097047,2018,11,02,9.4,1,N
IDCJAC0009,097047,2018,11,03,12.6,1,N
IDCJAC0009,097047,2018,11,04,2.8,1,N
IDCJAC0009,097047,2018,11,05,3.0,1,N
IDCJAC0009,097047,2018,11,06,3.2,1,N
IDCJAC0009,097047,2018,11,07,6.2,1,N
IDCJAC0009,097047,2018,11,08,7.8,1,N
IDCJAC0009,097047,2018,11,09,6.6,1,N
IDCJAC0009,097047,2018,11,10,5.6,1,N
IDCJAC0009,097047,2018,11,11,2.6,1,N
IDCJAC0009,097047,2018,11,12,0.6,1,N
IDCJAC0009,097047,2018,11,13,0.0,,N
IDCJAC0009,097047,2018,11,14,0.6,1,N
IDCJAC0009,097047,2018,11,15,2.8,1,N
IDCJAC0009,097047,2018,11,16,0.0,,N
IDCJAC0009,097047,2018,11,17,0.0,,N
IDCJAC0009,097047,2018,11,18,0.0,,N
IDCJAC0009,097047,2018,11,19,0.0,,N
IDCJAC0009,097047,2018,11,20,0.0,,N
IDCJAC0009,097047,2018,11,21,40.6,1,N
IDCJAC0009,097047,2018,11,22,9.2,1,N
IDCJAC0009,097047,2018,11,23,8.2,1,N
IDCJAC0009,097047,2018,11,24,0.0,,N
IDCJAC0009,097047,2018,11,25,0.0,,N
IDCJAC0009,097047,2018,11,26,0.0,,N
IDCJAC0009,097047,2018,11,27,0.2,1,N
IDCJAC0009,097047,2018,11,28,1.8,1,N
IDCJAC0009,097047,2018,11,29,0.0,,N
IDCJAC0009,097047,2018,11,30,0.2,1,N
IDCJAC0009,097047,2018,12,01,0.0,,N
IDCJAC0009,097047,2018,12,02,17.2,1,N
IDCJAC0009,097047,2018,12,03,17.0,1,N
IDCJAC0009,097047,2018,12,04,16.8,1,N
IDCJAC0009,097047,2018,12,05,1.6,1,N
IDCJAC0009,097047,2018,12,06,0.0,,N
IDCJAC0009,097047,2018,12,07,0.0,,N
IDCJAC0009,097047,2018,12,08,2.2,1,N
IDCJAC0009,097047,2018,12,09,0.2,1,N
IDCJAC0009,097047,2018,12,10,0.2,1,N
IDCJAC0009,097047,2018,12,11,0.0,,N
IDCJAC0009,097047,2018,12,12,0.0,,N
IDCJAC0009,097047,2018,12,13,2.0,1,N
IDCJAC0009,097047,2018,12,14,0.6,1,N
IDCJAC0009,097047,2018,12,15,0.4,1,N
IDCJAC0009,097047,2018,12,16,2.6,1,N
IDCJAC0009,097047,2018,12,17,12.6,1,N
IDCJAC0009,097047,2018,12,18,2.2,1,N
IDCJAC0009,097047,2018,12,19,8.2,1,N
IDCJAC0009,097047,2018,12,20,6.4,1,N
IDCJAC0009,097047,2018,12,21,2.8,1,N
IDCJAC0009,097047,2018,12,22,0.0,,N
IDCJAC0009,097047,2018,12,23,0.4,1,N
IDCJAC0009,097047,2018,12,24,0.0,,N
IDCJAC0009,097047,2018,12,25,0.0,,N
IDCJAC0009,097047,2018,12,26,0.0,,N
IDCJAC0009,097047,2018,12,27,0.0,,N
IDCJAC0009,097047,2018,12,28,1.0,1,N
IDCJAC0009,097047,2018,12,29,4.2,1,N
IDCJAC0009,097047,2018,12,30,0.0,,N
IDCJAC0009,097047,2018,12,31,0.0,,N
